# Created by Octave 3.8.1, Thu Mar 24 19:36:06 2016 IST <pfrcks@pfrcks>
# name: v
# type: matrix
# rows: 6
# columns: 1
 1
 3
 5
 2
 4
 6


